3
8 1 1
0.0000000000000000 0.0000000000000000 0.0000000000000000
1.4200000000000000 0.0800000000000000 1.0800000000000000
-1.3100000000000000 0.1700000000000000 0.9600000000000000
11.7000000000000000 0.0000000000000000 0.0000000000000000
1.1000000000000000 12.9000000000000000 0.0000000000000000
-0.7000000000000000 0.8000000000000000 14.3000000000000000
4
-0.1200000000000000 -0.0800000000000000 0.1000000000000000 0.1000000000000000
-0.2000000000000000 0.1000000000000000 0.1000000000000000
0.0120000000000000 -0.0040000000000000 0.0030000000000000
-0.0050000000000000 0.0020000000000000 -0.0010000000000000
-0.0070000000000000 0.0020000000000000 -0.0020000000000000
0.0100000000000000 0.0020000000000000 -0.0040000000000000 -0.0010000000000000 0.0030000000000000 -0.0060000000000000
0.0040000000000000 0.0010000000000000 -0.0015000000000000 0.0000000000000000 -0.0005000000000000 -0.0025000000000000
-0.0030000000000000 -0.0007000000000000 0.0010000000000000 0.0004000000000000 0.0002000000000000 0.0020000000000000
