
==== T = 300 K (history 8, damping 0.40, max_iter 250) ====
  it        free_energy        d_free          rms          max_res     q(Me4N+)   q(Cl)  restarts status conv
   1   -22.257561183597  -2.225756e+01   1.131340e-01   1.000000e+00   0.40000 -0.40000      0       0 0
   2   -22.265448688083  -7.887504e-03   7.382162e-02   5.999968e-01   1.00880 -1.00880      0       0 0
   3   -21.265583245065   9.998654e-01   1.643132e-01   2.008815e+00   1.03233 -1.03233      0       0 0
   4   -21.260538801065   5.044444e-03   1.661923e-01   2.032368e+00   0.40517 -0.40517      0       0 0
   5   -22.250473907802  -9.899351e-01   5.054344e-02   5.948286e-01   0.50382 -0.50382      0       0 0
   6   -22.255882414607  -5.408507e-03   4.117759e-02   4.961686e-01   0.61025 -0.61025      0       0 0
   7   -22.259579869237  -3.697455e-03   3.235887e-02   3.897427e-01   0.75496 -0.75496      0       0 0
   8   -22.263278987045  -3.699118e-03   2.015161e-02   2.450234e-01   0.83034 -0.83034      0       0 0
   9   -22.269761382214  -6.482395e-03   7.591231e-03   9.219259e-02   0.83427 -0.83427      0       0 0
  10   -22.239058489619   3.070289e-02   2.976858e-02   3.626750e-01   0.78987 -0.78987      0       0 0
  11   -22.263910632483  -2.485214e-02   1.724571e-02   2.100804e-01   0.82002 -0.82002      0       0 0
  12   -22.266704008153  -2.793376e-03   1.237257e-02   1.507767e-01   0.86464 -0.86464      0       0 0
  13   -21.289726115674   9.769779e-01   1.530458e-01   1.864544e+00   0.62387 -0.62387      0       0 0
  14   -22.260083565669  -9.703574e-01   3.092062e-02   3.761236e-01   0.71722 -0.71722      0       0 0
  15   -22.262522580912  -2.439015e-03   2.319247e-02   2.827693e-01   0.75746 -0.75746      0       0 0
  16   -22.263340876785  -8.182959e-04   1.989105e-02   2.425386e-01   0.78933 -0.78933      0       0 0
  17   -22.263902772765  -5.618960e-04   1.727790e-02   2.106289e-01   0.82610 -0.82610      0       0 0
  18   -22.270715384607  -6.812612e-03   5.646263e-03   6.883675e-02   0.82163 -0.82163      0       0 0
  19   -22.267542006110   3.173378e-03   1.126005e-02   1.372099e-01   0.84068 -0.84068      0       0 0
  20   -21.921603151019   3.459389e-01   9.357969e-02   1.139986e+00   0.67400 -0.67400      0       0 0
  21   -22.261480420480  -3.398773e-01   2.676565e-02   3.259972e-01   0.76801 -0.76801      0       0 0
  22   -22.263532183037  -2.051763e-03   1.903699e-02   2.319812e-01   0.81943 -0.81943      0       0 0
  23   -22.266438423830  -2.906241e-03   1.271993e-02   1.549334e-01   0.83942 -0.83942      0       0 0
  24   -22.024367757592   2.420707e-01   7.932012e-02   9.663024e-01   0.63335 -0.63335      0       0 0
  25   -22.260374778620  -2.360070e-01   3.010475e-02   3.666378e-01   0.74595 -0.74595      0       0 0
  26   -22.263118738246  -2.743960e-03   2.084482e-02   2.540480e-01   0.79741 -0.79741      0       0 0
  27   -22.264047213999  -9.284758e-04   1.660977e-02   2.023712e-01   0.83508 -0.83508      0       0 0
  28   -22.225814976288   3.823224e-02   3.516625e-02   4.284063e-01   0.69636 -0.69636      0       0 0
  29   -22.262037385960  -3.622241e-02   2.492172e-02   3.036325e-01   0.81078 -0.81078      0       0 0
  30   -22.264590030333  -2.552644e-03   1.520523e-02   1.852204e-01   0.84614 -0.84614      0       0 0
  31   -21.463866904590   8.007231e-01   1.386837e-01   1.689567e+00   0.43372 -0.43372      0       0 0
  32   -22.252954346488  -7.890874e-01   4.655830e-02   5.662607e-01   0.64513 -0.64513      0       0 0
  33   -22.260759122395  -7.804776e-03   2.909519e-02   3.548693e-01   0.75016 -0.75016      0       0 0
  34   -22.263210025108  -2.450903e-03   2.048333e-02   2.498351e-01   0.82123 -0.82123      0       0 0
  35   -22.267306341641  -4.096317e-03   1.157841e-02   1.411039e-01   0.84513 -0.84513      0       0 0
  36   -21.529440354013   7.378660e-01   1.332975e-01   1.623900e+00   0.25174 -0.25174      0       0 0
  37   -22.243281189924  -7.138408e-01   6.158300e-02   7.482247e-01   0.61570 -0.61570      0       0 0
  38   -22.259951706732  -1.667052e-02   3.146993e-02   3.843056e-01   0.71121 -0.71121      0       0 0
  39   -22.262407271095  -2.455564e-03   2.366166e-02   2.887913e-01   0.83967 -0.83967      0       0 0
  40   -22.009469308298   2.529380e-01   8.157073e-02   9.937283e-01   0.33592 -0.33592      0       0 0
  41   -22.248228208316  -2.387589e-01   5.456534e-02   6.640629e-01   0.66200 -0.66200      0       0 0
  42   -22.261216032180  -1.298782e-02   2.769624e-02   3.379970e-01   0.79835 -0.79835      0       0 0
  43   -22.264063450281  -2.847418e-03   1.653003e-02   2.013838e-01   0.88526 -0.88526      0       0 0
  44   -21.286876560329   9.771869e-01   1.547003e-01   1.885228e+00  -0.10124  0.10124      0       0 0
  45   -22.216289565201  -9.294130e-01   9.078474e-02   1.101160e+00   0.55006 -0.55006      0       0 0
  46   -22.257983798506  -4.169423e-02   3.671489e-02   4.499677e-01   0.73692 -0.73692      0       0 0
  47   -22.263001383477  -5.017585e-03   2.147905e-02   2.630893e-01   0.85746 -0.85746      0       0 0
  48   -21.292368088070   9.706333e-01   1.523525e-01   1.855906e+00  -0.19476  0.19476      0       0 0
  49   -22.207459728172  -9.150916e-01   9.847019e-02   1.194689e+00   0.51368 -0.51368      0       0 0
  50   -22.256677544106  -4.921782e-02   3.968406e-02   4.863472e-01   0.73805 -0.73805      0       0 0
  51   -22.263012541420  -6.334997e-03   2.140314e-02   2.619643e-01   0.85452 -0.85452      0       0 0
  52   -21.297495869350   9.655167e-01   1.517643e-01   1.848988e+00  -0.16174  0.16174      0       0 0
  53   -22.211215179344  -9.137193e-01   9.557209e-02   1.161702e+00   0.54715 -0.54715      0       0 0
  54   -22.257849989494  -4.663481e-02   3.696909e-02   4.528706e-01   0.76602 -0.76602      0       0 0
  55   -22.263509797191  -5.659808e-03   1.916796e-02   2.339844e-01   0.87273 -0.87273      0       0 0
  56   -21.288725333961   9.747845e-01   1.536673e-01   1.872703e+00  -0.17078  0.17078      0       0 0
  57   -22.210513588798  -9.217883e-01   9.625167e-02   1.170747e+00   0.53997 -0.53997      0       0 0
  58   -22.257580078236  -4.706649e-02   3.757169e-02   4.600477e-01   0.78232 -0.78232      0       0 0
  59   -22.263781870721  -6.201792e-03   1.785731e-02   2.176699e-01   0.87222 -0.87222      0       0 0
  60   -21.288832444365   9.749494e-01   1.536162e-01   1.872199e+00  -0.16031  0.16031      0       0 0
  61   -22.211665148654  -9.228327e-01   9.533599e-02   1.160286e+00   0.52195 -0.52195      0       0 0
  62   -22.256905404662  -4.524026e-02   3.906674e-02   4.780602e-01   0.77928 -0.77928      0       0 0
  63   -22.263722264796  -6.816860e-03   1.812313e-02   2.207135e-01   0.86295 -0.86295      0       0 0
  64   -21.290351519015   9.733707e-01   1.528406e-01   1.862767e+00  -0.15908  0.15908      0       0 0
  65   -22.211844690584  -9.214932e-01   9.521287e-02   1.159060e+00   0.50697 -0.50697      0       0 0
  66   -22.256325891479  -4.448120e-02   4.030976e-02   4.930441e-01   0.77561 -0.77561      0       0 0
  67   -22.263654633905  -7.328742e-03   1.843313e-02   2.243786e-01   0.85806 -0.85806      0       0 0
  68   -21.292433465862   9.712212e-01   1.523382e-01   1.856694e+00  -0.15400  0.15400      0       0 0
  69   -22.212377082204  -9.199436e-01   9.477677e-02   1.153981e+00   0.50049 -0.50049      0       0 0
  70   -22.256063245269  -4.368616e-02   4.085248e-02   4.995191e-01   0.77600 -0.77600      0       0 0
  71   -22.263657390066  -7.594145e-03   1.840937e-02   2.239872e-01   0.85838 -0.85838      0       0 0
  72   -21.292239409115   9.714180e-01   1.523699e-01   1.857176e+00  -0.15570  0.15570      0       0 0
  73   -22.212237726628  -9.199983e-01   9.490826e-02   1.155676e+00   0.49519 -0.49519      0       0 0
  74   -22.255849691034  -4.361196e-02   4.129332e-02   5.048241e-01   0.77995 -0.77995      0       0 0
  75   -22.263722869677  -7.873179e-03   1.809110e-02   2.200366e-01   0.86238 -0.86238      0       0 0
  76   -21.290585661631   9.731372e-01   1.527689e-01   1.862143e+00  -0.15936  0.15936      0       0 0
  77   -22.211902854721  -9.213172e-01   9.520458e-02   1.159344e+00   0.49083 -0.49083      0       0 0
  78   -22.255675763166  -4.377291e-02   4.165225e-02   5.091775e-01   0.78487 -0.78487      0       0 0
  79   -22.263805248225  -8.129485e-03   1.769038e-02   2.151098e-01   0.86833 -0.86833      0       0 0
  80   -21.289542205926   9.742630e-01   1.532646e-01   1.868291e+00  -0.16569  0.16569      0       0 0
  81   -22.211304713803  -9.217625e-01   9.572272e-02   1.165673e+00   0.48789 -0.48789      0       0 0
  82   -22.255559328401  -4.425461e-02   4.189325e-02   5.121239e-01   0.78960 -0.78960      0       0 0
  83   -22.263885438690  -8.326110e-03   1.730111e-02   2.103486e-01   0.87472 -0.87472      0       0 0
  84   -21.288644066539   9.752414e-01   1.537830e-01   1.874701e+00  -0.17288  0.17288      0       0 0
  85   -22.210617977847  -9.219739e-01   9.631256e-02   1.172861e+00   0.48601 -0.48601      0       0 0
  86   -22.255486702977  -4.486873e-02   4.204513e-02   5.140013e-01   0.79376 -0.79376      0       0 0
  87   -22.263958428592  -8.471726e-03   1.695530e-02   2.061342e-01   0.88096 -0.88096      0       0 0
  88   -21.287779181821   9.761792e-01   1.542883e-01   1.880939e+00  -0.18039  0.18039      0       0 0
  89   -22.209894135333  -9.221150e-01   9.692957e-02   1.180371e+00   0.48483 -0.48483      0       0 0
  90   -22.255442940460  -4.554881e-02   4.213869e-02   5.151780e-01   0.79736 -0.79736      0       0 0
  91   -22.264027092364  -8.584152e-03   1.664979e-02   2.024210e-01   0.88668 -0.88668      0       0 0
  92   -21.286981539816   9.770456e-01   1.547527e-01   1.886663e+00  -0.18748  0.18748      0       0 0
  93   -22.209207169853  -9.222256e-01   9.751166e-02   1.187457e+00   0.48423 -0.48423      0       0 0
  94   -22.255422663082  -4.621549e-02   4.218469e-02   5.157794e-01   0.80053 -0.80053      0       0 0
  95   -22.264097164462  -8.674501e-03   1.637099e-02   1.990375e-01   0.89177 -0.89177      0       0 0
  96   -21.286269326393   9.778278e-01   1.551658e-01   1.891749e+00  -0.19381  0.19381      0       0 0
  97   -22.208591552381  -9.223222e-01   9.803085e-02   1.193783e+00   0.48402 -0.48402      0       0 0
  98   -22.255418225099  -4.682667e-02   4.219848e-02   5.159895e-01   0.80335 -0.80335      0       0 0
  99   -22.264174445488  -8.756220e-03   1.610893e-02   1.958592e-01   0.89612 -0.89612      0       0 0
 100   -21.285657329204   9.785171e-01   1.555194e-01   1.896101e+00  -0.19913  0.19913      0       0 0
 101   -22.208072896267  -9.224156e-01   9.846705e-02   1.199105e+00   0.48403 -0.48403      0       0 0
 102   -22.255422434528  -4.734954e-02   4.219452e-02   5.159820e-01   0.80582 -0.80582      0       0 0
 103   -22.264263103215  -8.840669e-03   1.585992e-02   1.928390e-01   0.89969 -0.89969      0       0 0
 104   -21.285153085811   9.791100e-01   1.558100e-01   1.899673e+00  -0.20338  0.20338      0       0 0
 105   -22.207660139703  -9.225071e-01   9.881401e-02   1.203350e+00   0.48413 -0.48413      0       0 0
 106   -22.255430112505  -4.776997e-02   4.218319e-02   5.158818e-01   0.80790 -0.80790      0       0 0
 107   -22.264363120727  -8.933008e-03   1.562637e-02   1.900057e-01   0.90248 -0.90248      0       0 0
 108   -21.284758393103   9.796047e-01   1.560368e-01   1.902460e+00  -0.20654  0.20654      0       0 0
 109   -22.207355114317  -9.225967e-01   9.907115e-02   1.206508e+00   0.48425 -0.48425      0       0 0
 110   -22.255438040427  -4.808293e-02   4.217089e-02   5.157657e-01   0.80955 -0.80955      0       0 0
 111   -22.264468020701  -9.029980e-03   1.541634e-02   1.874567e-01   0.90454 -0.90454      0       0 0
 112   -21.284466393442   9.800016e-01   1.562044e-01   1.904517e+00  -0.20868  0.20868      0       0 0
 113   -22.207150925591  -9.226845e-01   9.924475e-02   1.208655e+00   0.48433 -0.48433      0       0 0
 114   -22.255443898349  -4.829297e-02   4.216228e-02   5.156894e-01   0.81079 -0.81079      0       0 0
 115   -22.264567126107  -9.123228e-03   1.523907e-02   1.853043e-01   0.90597 -0.90597      0       0 0
 116   -21.284262310821   9.803048e-01   1.563214e-01   1.905954e+00  -0.20998  0.20998      0       0 0
 117   -22.207032158334  -9.227698e-01   9.934782e-02   1.209949e+00   0.48432 -0.48432      0       0 0
 118   -22.255445866776  -4.841371e-02   4.216103e-02   5.156976e-01   0.81168 -0.81168      0       0 0
 119   -22.264652604821  -9.206738e-03   1.509744e-02   1.835825e-01   0.90692 -0.90692      0       0 0
 120   -21.284128144189   9.805245e-01   1.563985e-01   1.906902e+00  -0.21063  0.21063      0       0 0
 121   -22.206977597346  -9.228495e-01   9.939788e-02   1.210598e+00   0.48420 -0.48420      0       0 0
 122   -22.255442873692  -4.846528e-02   4.216935e-02   5.158172e-01   0.81234 -0.81234      0       0 0
 123   -22.264723591691  -9.280718e-03   1.498565e-02   1.822205e-01   0.90749 -0.90749      0       0 0
 124   -21.284048060424   9.806755e-01   1.564449e-01   1.907474e+00  -0.21083  0.21083      0       0 0
 125   -22.206967670203  -9.229196e-01   9.941099e-02   1.210798e+00   0.48397 -0.48397      0       0 0
 126   -22.255435011966  -4.846734e-02   4.218709e-02   5.160471e-01   0.81283 -0.81283      0       0 0
 127   -22.264782722047  -9.347710e-03   1.489575e-02   1.811211e-01   0.90778 -0.90778      0       0 0
 128   -21.284009589687   9.807731e-01   1.564677e-01   1.907758e+00  -0.21071  0.21071      0       0 0
 129   -22.206988699588  -9.229791e-01   9.939837e-02   1.210684e+00   0.48365 -0.48365      0       0 0
 130   -22.255423262235  -4.843456e-02   4.221230e-02   5.163641e-01   0.81321 -0.81321      0       0 0
 131   -22.264831971273  -9.408709e-03   1.482274e-02   1.802243e-01   0.90784 -0.90784      0       0 0
 132   -21.284002723526   9.808292e-01   1.564726e-01   1.907825e+00  -0.21037  0.21037      0       0 0
 133   -22.207031454899  -9.230287e-01   9.936759e-02   1.210348e+00   0.48327 -0.48327      0       0 0
 134   -22.255408717083  -4.837726e-02   4.224281e-02   5.167423e-01   0.81351 -0.81351      0       0 0
 135   -22.264872786584  -9.464070e-03   1.476337e-02   1.794909e-01   0.90775 -0.90775      0       0 0
 136   -21.284019643391   9.808531e-01   1.564641e-01   1.907727e+00  -0.20988  0.20988      0       0 0
 137   -22.207089015278  -9.230694e-01   9.932433e-02   1.209857e+00   0.48285 -0.48285      0       0 0
 138   -22.255392222938  -4.830321e-02   4.227695e-02   5.171620e-01   0.81375 -0.81375      0       0 0
 139   -22.264906872806  -9.514650e-03   1.471450e-02   1.788834e-01   0.90753 -0.90753      0       0 0
 140   -21.284054432034   9.808524e-01   1.564454e-01   1.907507e+00  -0.20929  0.20929      0       0 0
 141   -22.207156402072  -9.231020e-01   9.927266e-02   1.209262e+00   0.48241 -0.48241      0       0 0
 142   -22.255374483522  -4.821808e-02   4.231335e-02   5.176069e-01   0.81395 -0.81395      0       0 0
 143   -22.264935556787  -9.561073e-03   1.467386e-02   1.783747e-01   0.90721 -0.90721      0       0 0
 144   -21.284102393188   9.808332e-01   1.564193e-01   1.907195e+00  -0.20862  0.20862      0       0 0
 145   -22.207230138403  -9.231277e-01   9.921547e-02   1.208598e+00   0.48195 -0.48195      0       0 0
 146   -22.255356097841  -4.812596e-02   4.235082e-02   5.180634e-01   0.81411 -0.81411      0       0 0
 147   -22.264959684993  -9.603587e-03   1.464000e-02   1.779477e-01   0.90684 -0.90684      0       0 0
 148   -21.284159798924   9.807999e-01   1.563879e-01   1.906818e+00  -0.20792  0.20792      0       0 0
 149   -22.207307565163  -9.231478e-01   9.915494e-02   1.207891e+00   0.48150 -0.48150      0       0 0
 150   -22.255337510080  -4.802994e-02   4.238852e-02   5.185213e-01   0.81425 -0.81425      0       0 0
 151   -22.264980055608  -9.642546e-03   1.461165e-02   1.775872e-01   0.90641 -0.90641      0       0 0
 152   -21.284223831068   9.807562e-01   1.563526e-01   1.906394e+00  -0.20719  0.20719      0       0 0
 153   -22.207386696171  -9.231629e-01   9.909272e-02   1.207162e+00   0.48104 -0.48104      0       0 0
 154   -22.255319045112  -4.793235e-02   4.242582e-02   5.189733e-01   0.81436 -0.81436      0       0 0
 155   -22.264997333794  -9.678289e-03   1.458776e-02   1.772809e-01   0.90596 -0.90596      0       0 0
 156   -21.284292301655   9.807050e-01   1.563148e-01   1.905939e+00  -0.20645  0.20645      0       0 0
 157   -22.207466150287  -9.231738e-01   9.902998e-02   1.206425e+00   0.48060 -0.48060      0       0 0
 158   -22.255300951746  -4.783480e-02   4.246224e-02   5.194140e-01   0.81445 -0.81445      0       0 0
 159   -22.265011963802  -9.711012e-03   1.456766e-02   1.770208e-01   0.90548 -0.90548      0       0 0
 160   -21.284363482420   9.806485e-01   1.562754e-01   1.905464e+00  -0.20571  0.20571      0       0 0
 161   -22.207544917129  -9.231814e-01   9.896755e-02   1.205690e+00   0.48018 -0.48018      0       0 0
 162   -22.255283403110  -4.773849e-02   4.249747e-02   5.198397e-01   0.81453 -0.81453      0       0 0
 163   -22.265024341785  -9.740939e-03   1.455074e-02   1.767997e-01   0.90500 -0.90500      0       0 0
 164   -21.284436074177   9.805883e-01   1.562351e-01   1.904978e+00  -0.20499  0.20499      0       0 0
 165   -22.207622268390  -9.231862e-01   9.890606e-02   1.204964e+00   0.47977 -0.47977      0       0 0
 166   -22.255266511643  -4.764424e-02   4.253130e-02   5.202479e-01   0.81460 -0.81460      0       0 0
 167   -22.265034818614  -9.768307e-03   1.453650e-02   1.766116e-01   0.90451 -0.90451      0       0 0
 168   -21.284509091298   9.805257e-01   1.561945e-01   1.904488e+00  -0.20428  0.20428      0       0 0
 169   -22.207697728879  -9.231886e-01   9.884591e-02   1.204254e+00   0.47938 -0.47938      0       0 0
 170   -22.255250351018  -4.755262e-02   4.256359e-02   5.206373e-01   0.81466 -0.81466      0       0 0
 171   -22.265043646590  -9.793296e-03   1.452456e-02   1.764519e-01   0.90402 -0.90402      0       0 0
 172   -21.284581765926   9.804619e-01   1.561540e-01   1.904000e+00  -0.20358  0.20358      0       0 0
 173   -22.207770979212  -9.231892e-01   9.878738e-02   1.203561e+00   0.47901 -0.47901      0       0 0
 174   -22.255234961485  -4.746398e-02   4.259428e-02   5.210071e-01   0.81471 -0.81471      0       0 0
 175   -22.265051044886  -9.816083e-03   1.451459e-02   1.763169e-01   0.90353 -0.90353      0       0 0
 176   -21.284653527396   9.803975e-01   1.561140e-01   1.903516e+00  -0.20291  0.20291      0       0 0
 177   -22.207841805623  -9.231883e-01   9.873068e-02   1.202890e+00   0.47866 -0.47866      0       0 0
 178   -22.255220356967  -4.737855e-02   4.262336e-02   5.213571e-01   0.81475 -0.81475      0       0 0
 179   -22.265057214501  -9.836858e-03   1.450632e-02   1.762030e-01   0.90306 -0.90306      0       0 0
 180   -21.284723954538   9.803333e-01   1.560747e-01   1.903040e+00  -0.20226  0.20226      0       0 0
 181   -22.207910088575  -9.231861e-01   9.867591e-02   1.202241e+00   0.47833 -0.47833      0       0 0
 182   -22.255206535444  -4.729645e-02   4.265083e-02   5.216876e-01   0.81479 -0.81479      0       0 0
 183   -22.265062311134  -9.855776e-03   1.449953e-02   1.761077e-01   0.90259 -0.90259      0       0 0
 184   -21.284792727221   9.802696e-01   1.560363e-01   1.902575e+00  -0.20164  0.20164      0       0 0
 185   -22.207975766320  -9.231830e-01   9.862313e-02   1.201615e+00   0.47802 -0.47802      0       0 0
 186   -22.255193482580  -4.721772e-02   4.267674e-02   5.219992e-01   0.81482 -0.81482      0       0 0
 187   -22.265066468767  -9.872986e-03   1.449402e-02   1.760287e-01   0.90214 -0.90214      0       0 0
 188   -21.284859614289   9.802069e-01   1.559988e-01   1.902122e+00  -0.20103  0.20103      0       0 0
 189   -22.208038812410  -9.231792e-01   9.857239e-02   1.201012e+00   0.47772 -0.47772      0       0 0
 190   -22.255181174690  -4.714236e-02   4.270113e-02   5.222923e-01   0.81484 -0.81484      0       0 0
 191   -22.265069811881  -9.888637e-03   1.448962e-02   1.759637e-01   0.90170 -0.90170      0       0 0
 192   -21.284924454795   9.801454e-01   1.559625e-01   1.901682e+00  -0.20046  0.20046      0       0 0
 193   -22.208099233425  -9.231748e-01   9.852368e-02   1.200433e+00   0.47745 -0.47745      0       0 0
 194   -22.255169583228  -4.707035e-02   4.272408e-02   5.225680e-01   0.81486 -0.81486      0       0 0
 195   -22.265072443198  -9.902860e-03   1.448619e-02   1.759111e-01   0.90127 -0.90127      0       0 0
 196   -21.284987135165   9.800853e-01   1.559274e-01   1.901257e+00  -0.19990  0.19990      0       0 0
 197   -22.208157057243  -9.231699e-01   9.847701e-02   1.199879e+00   0.47719 -0.47719      0       0 0
 198   -22.255158676569  -4.700162e-02   4.274565e-02   5.228269e-01   0.81488 -0.81488      0       0 0
 199   -22.265074451346  -9.915775e-03   1.448360e-02   1.758693e-01   0.90086 -0.90086      0       0 0
 200   -21.285047582554   9.800269e-01   1.558935e-01   1.900845e+00  -0.19937  0.19937      0       0 0
 201   -22.208212323891  -9.231647e-01   9.843234e-02   1.199347e+00   0.47695 -0.47695      0       0 0
 202   -22.255148421025  -4.693610e-02   4.276591e-02   5.230700e-01   0.81489 -0.81489      0       0 0
 203   -22.265075918521  -9.927497e-03   1.448174e-02   1.758370e-01   0.90046 -0.90046      0       0 0
 204   -21.285105757723   9.799702e-01   1.558608e-01   1.900449e+00  -0.19886  0.19886      0       0 0
 205   -22.208265085558  -9.231593e-01   9.838964e-02   1.198839e+00   0.47672 -0.47672      0       0 0
 206   -22.255138782564  -4.687370e-02   4.278492e-02   5.232981e-01   0.81490 -0.81490      0       0 0
 207   -22.265076915586  -9.938133e-03   1.448052e-02   1.758129e-01   0.90008 -0.90008      0       0 0
 208   -21.285161644635   9.799153e-01   1.558294e-01   1.900068e+00  -0.19837  0.19837      0       0 0
 209   -22.208315403247  -9.231538e-01   9.834887e-02   1.198354e+00   0.47651 -0.47651      0       0 0
 210   -22.255129727545  -4.681432e-02   4.280277e-02   5.235121e-01   0.81491 -0.81491      0       0 0
 211   -22.265077504138  -9.947777e-03   1.447985e-02   1.757960e-01   0.89972 -0.89972      0       0 0
 212   -21.285215246690   9.798623e-01   1.557993e-01   1.899703e+00  -0.19791  0.19791      0       0 0
 213   -22.208363342844  -9.231481e-01   9.830998e-02   1.197890e+00   0.47630 -0.47630      0       0 0
 214   -22.255121222937  -4.675788e-02   4.281952e-02   5.237129e-01   0.81491 -0.81491      0       0 0
 215   -22.265077740710  -9.956518e-03   1.447965e-02   1.757853e-01   0.89937 -0.89937      0       0 0
 216   -21.285266583875   9.798112e-01   1.557704e-01   1.899352e+00  -0.19747  0.19747      0       0 0
 217   -22.208408975110  -9.231424e-01   9.827293e-02   1.197449e+00   0.47612 -0.47612      0       0 0
 218   -22.255113236882  -4.670426e-02   4.283524e-02   5.239012e-01   0.81491 -0.81491      0       0 0
 219   -22.265077675189  -9.964438e-03   1.447985e-02   1.757801e-01   0.89903 -0.89903      0       0 0
 220   -21.285315687996   9.797620e-01   1.557427e-01   1.899016e+00  -0.19705  0.19705      0       0 0
 221   -22.208452374647  -9.231367e-01   9.823766e-02   1.197028e+00   0.47594 -0.47594      0       0 0
 222   -22.255105738928  -4.665336e-02   4.284998e-02   5.240777e-01   0.81492 -0.81492      0       0 0
 223   -22.265077351200  -9.971612e-03   1.448040e-02   1.757794e-01   0.89871 -0.89871      0       0 0
 224   -21.285362600412   9.797148e-01   1.557163e-01   1.898695e+00  -0.19665  0.19665      0       0 0
 225   -22.208493618043  -9.231310e-01   9.820410e-02   1.196628e+00   0.47577 -0.47577      0       0 0
 226   -22.255098700008  -4.660508e-02   4.286381e-02   5.242433e-01   0.81492 -0.81492      0       0 0
 227   -22.265076808250  -9.978108e-03   1.448124e-02   1.757828e-01   0.89840 -0.89840      0       0 0
 228   -21.285407370672   9.796694e-01   1.556910e-01   1.898389e+00  -0.19627  0.19627      0       0 0
 229   -22.208532783504  -9.231254e-01   9.817222e-02   1.196248e+00   0.47562 -0.47562      0       0 0
 230   -22.255092092532  -4.655931e-02   4.287678e-02   5.243986e-01   0.81492 -0.81492      0       0 0
 231   -22.265076081437  -9.983989e-03   1.448233e-02   1.757895e-01   0.89811 -0.89811      0       0 0
 232   -21.285450054209   9.796260e-01   1.556670e-01   1.898096e+00  -0.19591  0.19591      0       0 0
 233   -22.208569950425  -9.231199e-01   9.814193e-02   1.195886e+00   0.47547 -0.47547      0       0 0
 234   -22.255085890448  -4.651594e-02   4.288894e-02   5.245442e-01   0.81491 -0.81491      0       0 0
 235   -22.265075201534  -9.989311e-03   1.448362e-02   1.757990e-01   0.89783 -0.89783      0       0 0
 236   -21.285490710941   9.795845e-01   1.556440e-01   1.897818e+00  -0.19556  0.19556      0       0 0
 237   -22.208605198378  -9.231145e-01   9.811318e-02   1.195543e+00   0.47534 -0.47534      0       0 0
 238   -22.255080069140  -4.647487e-02   4.290036e-02   5.246807e-01   0.81491 -0.81491      0       0 0
 239   -22.265074196005  -9.994127e-03   1.448508e-02   1.758109e-01   0.89757 -0.89757      0       0 0
 240   -21.285529404438   9.795448e-01   1.556222e-01   1.897552e+00  -0.19524  0.19524      0       0 0
 241   -22.208638606706  -9.231092e-01   9.808592e-02   1.195217e+00   0.47521 -0.47521      0       0 0
 242   -22.255074605398  -4.643600e-02   4.291106e-02   5.248087e-01   0.81491 -0.81491      0       0 0
 243   -22.265073089188  -9.998484e-03   1.448667e-02   1.758248e-01   0.89731 -0.89731      0       0 0
 244   -21.285566200744   9.795069e-01   1.556014e-01   1.897299e+00  -0.19493  0.19493      0       0 0
 245   -22.208670254221  -9.231041e-01   9.806008e-02   1.194908e+00   0.47509 -0.47509      0       0 0
 246   -22.255069477388  -4.639922e-02   4.292110e-02   5.249287e-01   0.81490 -0.81490      0       0 0
 247   -22.265071902350  -1.000242e-02   1.448836e-02   1.758403e-01   0.89707 -0.89707      0       0 0
 248   -21.285601167491   9.794707e-01   1.555817e-01   1.897059e+00  -0.19464  0.19464      0       0 0
 249   -22.208700218652  -9.230991e-01   9.803559e-02   1.194616e+00   0.47498 -0.47498      0       0 0
 250   -22.255064664558  -4.636445e-02   4.293052e-02   5.250413e-01   0.81490 -0.81490      0       7 0
