SCHEMA xtbloom-tblite-periodic-gfn2-term-probe-v1
MODE charge-ewald
INTEGER atomic_numbers 1 3
8
1
1
REAL positions_bohr 2 3 3
  0.00000000000000000E+000
  0.00000000000000000E+000
  0.00000000000000000E+000
  1.41999999999999993E+000
  8.00000000000000017E-002
  1.08000000000000007E+000
 -1.31000000000000005E+000
  1.70000000000000012E-001
  9.59999999999999964E-001
REAL lattice_vectors_bohr_columns 2 3 3
  1.16999999999999993E+001
  0.00000000000000000E+000
  0.00000000000000000E+000
  1.10000000000000009E+000
  1.29000000000000004E+001
  0.00000000000000000E+000
 -6.99999999999999956E-001
  8.00000000000000044E-001
  1.43000000000000007E+001
INTEGER shells_per_atom 1 3
2
1
1
INTEGER shell_offsets_per_atom_zero_based 1 3
0
2
3
REAL fixed_shell_charges_e 1 4
 -1.19999999999999996E-001
 -8.00000000000000017E-002
  1.00000000000000006E-001
  1.00000000000000006E-001
REAL fixed_atomic_charges_e 1 3
 -2.00000000000000011E-001
  1.00000000000000006E-001
  1.00000000000000006E-001
REAL ewald_alpha_bohr_inverse 0
  2.18750000000000000E-001
REAL shell_coulomb_matrix_hartree_per_e2 2 4 4
  2.63451274364211063E-001
  2.97471774905497588E-001
  1.56996937535858749E-001
  1.67301608281542336E-001
  2.97471774905497588E-001
  3.31456332507721219E-001
  1.73200379285269768E-001
  1.85180990783996358E-001
  1.56996937535858749E-001
  1.73200379285269768E-001
  2.16979984978330875E-001
  9.60953153099545210E-002
  1.67301608281542336E-001
  1.85180990783996358E-001
  9.60953153099545210E-002
  2.16979984978330875E-001
REAL per_atom_energy_hartree 1 3
  2.43392172335833322E-003
 -6.94066409148045514E-005
 -1.79157111383812187E-004
REAL total_energy_hartree 0
  2.18535797105971676E-003
REAL shell_charge_potential_hartree_per_e 2 4 1
 -2.29820403344050267E-002
 -2.63749825823507908E-002
 -1.38813281829609086E-003
 -3.58314222767624341E-003
REAL gradient_hartree_per_bohr 2 3 3
  2.66228315685967682E-005
 -2.13704659287101528E-004
 -1.74968507272880904E-003
  6.46507584543651488E-004
  8.00029918213934581E-005
  8.59476322942628228E-004
 -6.73130416112248256E-004
  1.33701667465708043E-004
  8.90208749786180814E-004
REAL strain_derivatives_hartree 2 3 3
  1.85826544128222387E-003
 -6.49693783252503127E-005
  4.94621585206129859E-005
 -6.49693783252505160E-005
  2.12518828741105743E-007
  2.16581937311337140E-004
  4.94621585206116848E-005
  2.16581937311337248E-004
  1.91930653620029051E-003
