SCHEMA xtbloom-tblite-periodic-gfn2-term-probe-v1
MODE cn
INTEGER atomic_numbers 1 3
8
1
1
REAL positions_bohr 2 3 3
  0.00000000000000000E+000
  0.00000000000000000E+000
  0.00000000000000000E+000
  1.41999999999999993E+000
  8.00000000000000017E-002
  1.08000000000000007E+000
 -1.31000000000000005E+000
  1.70000000000000012E-001
  9.59999999999999964E-001
REAL lattice_vectors_bohr_columns 2 3 3
  1.16999999999999993E+001
  0.00000000000000000E+000
  0.00000000000000000E+000
  1.10000000000000009E+000
  1.29000000000000004E+001
  0.00000000000000000E+000
 -6.99999999999999956E-001
  8.00000000000000044E-001
  1.43000000000000007E+001
REAL gfn2_dexp_cn 1 3
  1.95842190218533330E+000
  9.84058979151231639E-001
  1.00684929409046386E+000
REAL gfn2_dexp_dcndr 3 3 3 3
  1.18882305944101402E-001
  1.91688644412998828E-002
  1.90490283321522430E-001
 -1.85892862340174964E-001
 -1.04728375043217636E-002
 -1.41383307553782395E-001
  6.70105563960735617E-002
 -8.69602693697812436E-003
 -4.91069757677400631E-002
  1.85892862340174964E-001
  1.04728375043217636E-002
  1.41383307553782395E-001
 -2.20563526463269377E-001
 -9.32984849119576978E-003
 -1.42907292900082056E-001
  3.46706641230944967E-002
 -1.14298901312599515E-003
  1.52398534629969232E-003
 -6.70105563960735617E-002
  8.69602693697812436E-003
  4.91069757677400631E-002
 -3.46706641230944967E-002
  1.14298901312599515E-003
 -1.52398534629969232E-003
  1.01681220519168031E-001
 -9.83901595010411821E-003
 -4.75829904214403673E-002
REAL gfn2_dexp_dcndL 3 3 3 3
 -3.51752043328860675E-001
 -3.47963961685032264E-003
 -1.36434156167365289E-001
 -3.47963961685032437E-003
 -2.31624402732256117E-003
 -1.96588517144380762E-002
 -1.36434156167365289E-001
 -1.96588517144380727E-002
 -1.99836707148136061E-001
 -3.58618865673928255E-001
 -1.17510695924885993E-002
 -2.04924770666127742E-001
 -1.17510695924885993E-002
 -9.40708578396270176E-004
 -1.11735060571394613E-002
 -2.04924770666127742E-001
 -1.11735060571394595E-002
 -1.52876857699147051E-001
 -1.82434823907002358E-001
  1.45121538017326489E-002
  6.01696544124329866E-002
  1.45121538017326489E-002
 -1.58120617245542726E-003
 -8.21102739411202869E-003
  6.01696544124329866E-002
 -8.21102739411202869E-003
 -4.73255823299250991E-002
