SCHEMA xtbloom-tblite-periodic-gfn2-term-probe-v1
MODE d4
INTEGER atomic_numbers 1 3
8
1
1
REAL positions_bohr 2 3 3
  0.00000000000000000E+000
  0.00000000000000000E+000
  0.00000000000000000E+000
  1.41999999999999993E+000
  8.00000000000000017E-002
  1.08000000000000007E+000
 -1.31000000000000005E+000
  1.70000000000000012E-001
  9.59999999999999964E-001
REAL lattice_vectors_bohr_columns 2 3 3
  1.16999999999999993E+001
  0.00000000000000000E+000
  0.00000000000000000E+000
  1.10000000000000009E+000
  1.29000000000000004E+001
  0.00000000000000000E+000
 -6.99999999999999956E-001
  8.00000000000000044E-001
  1.43000000000000007E+001
REAL fixed_atomic_charges_e 1 3
 -2.00000000000000011E-001
  1.00000000000000006E-001
  1.00000000000000006E-001
REAL nonsc_per_atom_energy_hartree 1 3
  1.00971685952102850E-006
  5.95335974786677922E-007
  5.63259868486838195E-007
REAL pair_per_atom_energy_hartree 1 3
 -1.18362306827777001E-004
 -6.95201949781445089E-005
 -6.93785885172128669E-005
REAL total_energy_hartree 0
 -2.55092777620339868E-004
REAL nonsc_gradient_hartree_per_bohr 2 3 3
  7.76991492413070530E-007
 -5.25389376494310410E-007
  2.41558463677267019E-006
  4.70008422996289951E-007
  1.09293848430167671E-007
 -1.24928966035658078E-006
 -1.24699991540936879E-006
  4.16095528064140886E-007
 -1.16629497641608285E-006
REAL pair_gradient_hartree_per_bohr 2 3 3
  7.62231978510579012E-007
  1.66659476738263610E-007
  3.69794384918713004E-007
 -5.62403326499214094E-006
 -1.71282591826305453E-007
 -3.13874692862370455E-007
  4.86180128648155812E-006
  4.62311508804181854E-009
 -5.59196920563424693E-008
REAL total_gradient_hartree_per_bohr 2 3 3
  1.53922347092364944E-006
 -3.58729899756046773E-007
  2.78537902169138309E-006
 -5.15402484199585062E-006
 -6.19887433961377822E-008
 -1.56316435321895113E-006
  3.61480137107218933E-006
  4.20718643152182729E-007
 -1.22221466847242540E-006
REAL nonsc_strain_derivatives_hartree 2 3 3
 -1.54843159998684089E-005
  8.88475267251711837E-007
 -1.34815944168095716E-007
  8.88475267251713955E-007
  1.29979594264446947E-005
  2.18267087123289989E-007
 -1.34815944168097649E-007
  2.18267087123299307E-007
 -1.18412338818714967E-005
REAL pair_strain_derivatives_hartree 2 3 3
  2.06826876857942933E-004
  2.81502256489084853E-006
 -2.87061592815717147E-006
  2.81502256489084769E-006
  1.03653988099366426E-004
  1.11373602641976354E-006
 -2.87061592815717147E-006
  1.11373602641976354E-006
  6.96956602852854482E-005
REAL total_strain_derivatives_hartree 2 3 3
  1.91342560858074527E-004
  3.70349783214256026E-006
 -3.00543187232526706E-006
  3.70349783214256153E-006
  1.16651947525811127E-004
  1.33200311354305345E-006
 -3.00543187232526918E-006
  1.33200311354306277E-006
  5.78544264034139532E-005
REAL charge_potential_hartree_per_e 2 3 1
  1.07505746711715662E-004
  3.55067734971252621E-004
  3.54344493539664250E-004
REAL d4_cn 1 3
  1.61583750190691111E+000
  8.06638861519204386E-001
  8.09198640387865709E-001
REAL d4_dcndr 3 3 3 3
  2.63460278429938841E-002
  2.21305451855894220E-003
  2.58856765632249838E-002
 -3.02618577028367051E-002
 -1.70489339170911010E-003
 -2.30160607880729902E-002
  3.91582985984282195E-003
 -5.08161126849831883E-004
 -2.86961577515199191E-003
  3.02618577028367051E-002
  1.70489339170911010E-003
  2.30160607880729902E-002
 -3.02618577067527081E-002
 -1.70489339158001111E-003
 -2.30160607882451233E-002
  3.91600310447319247E-012
 -1.29099003444171209E-013
  1.72132004592228388E-013
 -3.91582985984282195E-003
  5.08161126849831883E-004
  2.86961577515199191E-003
 -3.91600310447319247E-012
  1.29099003444171209E-013
 -1.72132004592228388E-013
  3.91582986375882489E-003
 -5.08161126978930872E-004
 -2.86961577497986007E-003
REAL d4_dcndL 3 3 3 3
 -4.81015750544222173E-002
 -1.75525754005365639E-003
 -2.89236096536145369E-002
 -1.75525754005365639E-003
 -2.22778862901200228E-004
 -2.32911954482167751E-003
 -2.89236096536145369E-002
 -2.32911954482167794E-003
 -2.76121767952647451E-002
 -4.29718379487188107E-002
 -2.42094861587449596E-003
 -3.26828063195335680E-002
 -2.42094861587449596E-003
 -1.36391471348347725E-004
 -1.84128486303034716E-003
 -3.26828063195335680E-002
 -1.84128486303034738E-003
 -2.48573456511394890E-002
 -5.12973712708478594E-003
  6.65691076525720053E-004
  3.75919666497918827E-003
  6.65691076525720053E-004
 -8.63873915760903307E-005
 -4.87834681760346723E-004
  3.75919666497918914E-003
 -4.87834681760346777E-004
 -2.75483114416656813E-003
REAL d4_dispersion_matrix 4 4 3 4 3
 -3.81493108589598876E-005
 -4.37906144931251724E-005
 -4.76020184665962629E-005
 -3.74254420234476108E-005
 -1.81397536289123893E-004
 -1.18958927669408692E-004
  0.00000000000000000E+000
  0.00000000000000000E+000
 -1.80927822113198641E-004
 -1.18650893195389542E-004
  0.00000000000000000E+000
  0.00000000000000000E+000
 -4.37906144931251724E-005
 -5.02706398365495316E-005
 -5.46479587000492725E-005
 -4.29616790408903748E-005
 -2.08851087490778562E-004
 -1.36774886759239160E-004
  0.00000000000000000E+000
  0.00000000000000000E+000
 -2.08310284575487215E-004
 -1.36420719307267881E-004
  0.00000000000000000E+000
  0.00000000000000000E+000
 -4.76020184665962629E-005
 -5.46479587000492725E-005
 -5.94080326820880787E-005
 -4.67036289505160817E-005
 -2.27253164490756669E-004
 -1.48735604005932636E-004
  0.00000000000000000E+000
  0.00000000000000000E+000
 -2.26664710892825519E-004
 -1.48350465248838154E-004
  0.00000000000000000E+000
  0.00000000000000000E+000
 -3.74254420234476108E-005
 -4.29616790408903748E-005
 -4.67036289505160817E-005
 -3.67208804026358931E-005
 -1.78185082933305950E-004
 -1.16722378871047692E-004
  0.00000000000000000E+000
  0.00000000000000000E+000
 -1.77723687144231969E-004
 -1.16420135758351474E-004
  0.00000000000000000E+000
  0.00000000000000000E+000
 -1.81397536289123893E-004
 -2.08851087490778562E-004
 -2.27253164490756669E-004
 -1.78185082933305950E-004
 -1.71545152686261561E-005
 -1.06915927903613889E-005
  0.00000000000000000E+000
  0.00000000000000000E+000
 -1.58754592425144225E-004
 -9.89441805396676951E-005
  0.00000000000000000E+000
  0.00000000000000000E+000
 -1.18958927669408692E-004
 -1.36774886759239160E-004
 -1.48735604005932636E-004
 -1.16722378871047692E-004
 -1.06915927903613889E-005
 -6.82343304904294510E-006
  0.00000000000000000E+000
  0.00000000000000000E+000
 -9.89441805396676951E-005
 -6.31467176820919591E-005
  0.00000000000000000E+000
  0.00000000000000000E+000
  0.00000000000000000E+000
  0.00000000000000000E+000
  0.00000000000000000E+000
  0.00000000000000000E+000
  0.00000000000000000E+000
  0.00000000000000000E+000
  0.00000000000000000E+000
  0.00000000000000000E+000
  0.00000000000000000E+000
  0.00000000000000000E+000
  0.00000000000000000E+000
  0.00000000000000000E+000
  0.00000000000000000E+000
  0.00000000000000000E+000
  0.00000000000000000E+000
  0.00000000000000000E+000
  0.00000000000000000E+000
  0.00000000000000000E+000
  0.00000000000000000E+000
  0.00000000000000000E+000
  0.00000000000000000E+000
  0.00000000000000000E+000
  0.00000000000000000E+000
  0.00000000000000000E+000
 -1.80927822113198641E-004
 -2.08310284575487215E-004
 -2.26664710892825519E-004
 -1.77723687144231969E-004
 -1.58754592425144225E-004
 -9.89441805396676951E-005
  0.00000000000000000E+000
  0.00000000000000000E+000
 -1.71545152686261561E-005
 -1.06915927903613889E-005
  0.00000000000000000E+000
  0.00000000000000000E+000
 -1.18650893195389542E-004
 -1.36420719307267881E-004
 -1.48350465248838154E-004
 -1.16420135758351474E-004
 -9.89441805396676951E-005
 -6.31467176820919591E-005
  0.00000000000000000E+000
  0.00000000000000000E+000
 -1.06915927903613889E-005
 -6.82343304904294510E-006
  0.00000000000000000E+000
  0.00000000000000000E+000
  0.00000000000000000E+000
  0.00000000000000000E+000
  0.00000000000000000E+000
  0.00000000000000000E+000
  0.00000000000000000E+000
  0.00000000000000000E+000
  0.00000000000000000E+000
  0.00000000000000000E+000
  0.00000000000000000E+000
  0.00000000000000000E+000
  0.00000000000000000E+000
  0.00000000000000000E+000
  0.00000000000000000E+000
  0.00000000000000000E+000
  0.00000000000000000E+000
  0.00000000000000000E+000
  0.00000000000000000E+000
  0.00000000000000000E+000
  0.00000000000000000E+000
  0.00000000000000000E+000
  0.00000000000000000E+000
  0.00000000000000000E+000
  0.00000000000000000E+000
  0.00000000000000000E+000
REAL d4_weight_vector 3 4 3 1
  1.53955183348876704E-007
  1.65226298938818926E-002
  7.56610435301309669E-001
  9.47814295890618136E-002
  1.61133943954013190E-002
  7.47894630917558034E-001
  0.00000000000000000E+000
  0.00000000000000000E+000
  1.56780395253028129E-002
  7.48329985787656637E-001
  0.00000000000000000E+000
  0.00000000000000000E+000
REAL d4_weight_charge_derivative 3 4 3 1
 -6.91755589737279747E-008
 -7.48026628984607266E-003
 -3.43985612044262479E-001
 -4.25874480451536933E-002
 -4.11488090077442789E-002
 -1.90990008500797437E+000
  0.00000000000000000E+000
  0.00000000000000000E+000
 -4.00370423643741230E-002
 -1.91101185165134457E+000
  0.00000000000000000E+000
  0.00000000000000000E+000
