SCHEMA xtbloom-tblite-periodic-gfn2-term-probe-v1
MODE integrals-h0
INTEGER atomic_numbers 1 3
8
1
1
REAL positions_bohr 2 3 3
  0.00000000000000000E+000
  0.00000000000000000E+000
  0.00000000000000000E+000
  1.41999999999999993E+000
  8.00000000000000017E-002
  1.08000000000000007E+000
 -1.31000000000000005E+000
  1.70000000000000012E-001
  9.59999999999999964E-001
REAL lattice_vectors_bohr_columns 2 3 3
  1.16999999999999993E+001
  0.00000000000000000E+000
  0.00000000000000000E+000
  1.10000000000000009E+000
  1.29000000000000004E+001
  0.00000000000000000E+000
 -6.99999999999999956E-001
  8.00000000000000044E-001
  1.43000000000000007E+001
INTEGER number_of_shells 0
4
INTEGER number_of_aos 0
6
INTEGER shells_per_atom 1 3
2
1
1
INTEGER aos_per_shell 1 4
1
3
1
1
INTEGER ao_offsets_per_shell_zero_based 1 4
0
1
4
5
INTEGER shell_offsets_per_atom_zero_based 1 3
0
2
3
INTEGER ao_to_atom_one_based 1 6
1
1
1
1
2
3
INTEGER ao_to_shell_one_based 1 6
1
2
2
2
3
4
INTEGER shell_to_atom_one_based 1 4
1
1
2
3
INTEGER shell_angular_momentum 1 4
0
1
0
0
REAL integral_cutoff_bohr 0
  1.73477875049986778E+001
REAL integral_lattice_translations_bohr 2 3 125
  0.00000000000000000E+000
  0.00000000000000000E+000
  0.00000000000000000E+000
 -6.99999999999999956E-001
  8.00000000000000044E-001
  1.43000000000000007E+001
  6.99999999999999956E-001
 -8.00000000000000044E-001
 -1.43000000000000007E+001
 -1.39999999999999991E+000
  1.60000000000000009E+000
  2.86000000000000014E+001
  1.39999999999999991E+000
 -1.60000000000000009E+000
 -2.86000000000000014E+001
  1.10000000000000009E+000
  1.29000000000000004E+001
  0.00000000000000000E+000
 -1.10000000000000009E+000
 -1.29000000000000004E+001
  0.00000000000000000E+000
  4.00000000000000133E-001
  1.37000000000000011E+001
  1.43000000000000007E+001
  1.80000000000000004E+000
  1.20999999999999996E+001
 -1.43000000000000007E+001
 -1.80000000000000004E+000
 -1.20999999999999996E+001
  1.43000000000000007E+001
 -4.00000000000000133E-001
 -1.37000000000000011E+001
 -1.43000000000000007E+001
 -2.99999999999999822E-001
  1.45000000000000000E+001
  2.86000000000000014E+001
  2.50000000000000000E+000
  1.13000000000000007E+001
 -2.86000000000000014E+001
 -2.50000000000000000E+000
 -1.13000000000000007E+001
  2.86000000000000014E+001
  2.99999999999999822E-001
 -1.45000000000000000E+001
 -2.86000000000000014E+001
  2.20000000000000018E+000
  2.58000000000000007E+001
  0.00000000000000000E+000
 -2.20000000000000018E+000
 -2.58000000000000007E+001
  0.00000000000000000E+000
  1.50000000000000022E+000
  2.66000000000000014E+001
  1.43000000000000007E+001
  2.90000000000000036E+000
  2.50000000000000000E+001
 -1.43000000000000007E+001
 -2.90000000000000036E+000
 -2.50000000000000000E+001
  1.43000000000000007E+001
 -1.50000000000000022E+000
 -2.66000000000000014E+001
 -1.43000000000000007E+001
  8.00000000000000266E-001
  2.74000000000000021E+001
  2.86000000000000014E+001
  3.60000000000000009E+000
  2.41999999999999993E+001
 -2.86000000000000014E+001
 -3.60000000000000009E+000
 -2.41999999999999993E+001
  2.86000000000000014E+001
 -8.00000000000000266E-001
 -2.74000000000000021E+001
 -2.86000000000000014E+001
  1.16999999999999993E+001
  0.00000000000000000E+000
  0.00000000000000000E+000
 -1.16999999999999993E+001
  0.00000000000000000E+000
  0.00000000000000000E+000
  1.10000000000000000E+001
  8.00000000000000044E-001
  1.43000000000000007E+001
  1.23999999999999986E+001
 -8.00000000000000044E-001
 -1.43000000000000007E+001
 -1.23999999999999986E+001
  8.00000000000000044E-001
  1.43000000000000007E+001
 -1.10000000000000000E+001
 -8.00000000000000044E-001
 -1.43000000000000007E+001
  1.02999999999999989E+001
  1.60000000000000009E+000
  2.86000000000000014E+001
  1.30999999999999996E+001
 -1.60000000000000009E+000
 -2.86000000000000014E+001
 -1.30999999999999996E+001
  1.60000000000000009E+000
  2.86000000000000014E+001
 -1.02999999999999989E+001
 -1.60000000000000009E+000
 -2.86000000000000014E+001
  1.27999999999999989E+001
  1.29000000000000004E+001
  0.00000000000000000E+000
  1.05999999999999996E+001
 -1.29000000000000004E+001
  0.00000000000000000E+000
 -1.05999999999999996E+001
  1.29000000000000004E+001
  0.00000000000000000E+000
 -1.27999999999999989E+001
 -1.29000000000000004E+001
  0.00000000000000000E+000
  1.20999999999999996E+001
  1.37000000000000011E+001
  1.43000000000000007E+001
  1.34999999999999982E+001
  1.20999999999999996E+001
 -1.43000000000000007E+001
  9.90000000000000036E+000
 -1.20999999999999996E+001
  1.43000000000000007E+001
  1.12999999999999989E+001
 -1.37000000000000011E+001
 -1.43000000000000007E+001
 -1.12999999999999989E+001
  1.37000000000000011E+001
  1.43000000000000007E+001
 -9.90000000000000036E+000
  1.20999999999999996E+001
 -1.43000000000000007E+001
 -1.34999999999999982E+001
 -1.20999999999999996E+001
  1.43000000000000007E+001
 -1.20999999999999996E+001
 -1.37000000000000011E+001
 -1.43000000000000007E+001
  1.13999999999999986E+001
  1.45000000000000000E+001
  2.86000000000000014E+001
  1.41999999999999993E+001
  1.13000000000000007E+001
 -2.86000000000000014E+001
  9.19999999999999929E+000
 -1.13000000000000007E+001
  2.86000000000000014E+001
  1.20000000000000000E+001
 -1.45000000000000000E+001
 -2.86000000000000014E+001
 -1.20000000000000000E+001
  1.45000000000000000E+001
  2.86000000000000014E+001
 -9.19999999999999929E+000
  1.13000000000000007E+001
 -2.86000000000000014E+001
 -1.41999999999999993E+001
 -1.13000000000000007E+001
  2.86000000000000014E+001
 -1.13999999999999986E+001
 -1.45000000000000000E+001
 -2.86000000000000014E+001
  1.38999999999999986E+001
  2.58000000000000007E+001
  0.00000000000000000E+000
  9.50000000000000000E+000
 -2.58000000000000007E+001
  0.00000000000000000E+000
 -9.50000000000000000E+000
  2.58000000000000007E+001
  0.00000000000000000E+000
 -1.38999999999999986E+001
 -2.58000000000000007E+001
  0.00000000000000000E+000
  1.31999999999999993E+001
  2.66000000000000014E+001
  1.43000000000000007E+001
  1.45999999999999979E+001
  2.50000000000000000E+001
 -1.43000000000000007E+001
  8.80000000000000071E+000
 -2.50000000000000000E+001
  1.43000000000000007E+001
  1.01999999999999993E+001
 -2.66000000000000014E+001
 -1.43000000000000007E+001
 -1.01999999999999993E+001
  2.66000000000000014E+001
  1.43000000000000007E+001
 -8.80000000000000071E+000
  2.50000000000000000E+001
 -1.43000000000000007E+001
 -1.45999999999999979E+001
 -2.50000000000000000E+001
  1.43000000000000007E+001
 -1.31999999999999993E+001
 -2.66000000000000014E+001
 -1.43000000000000007E+001
  1.24999999999999982E+001
  2.74000000000000021E+001
  2.86000000000000014E+001
  1.52999999999999989E+001
  2.41999999999999993E+001
 -2.86000000000000014E+001
  8.09999999999999964E+000
 -2.41999999999999993E+001
  2.86000000000000014E+001
  1.09000000000000004E+001
 -2.74000000000000021E+001
 -2.86000000000000014E+001
 -1.09000000000000004E+001
  2.74000000000000021E+001
  2.86000000000000014E+001
 -8.09999999999999964E+000
  2.41999999999999993E+001
 -2.86000000000000014E+001
 -1.52999999999999989E+001
 -2.41999999999999993E+001
  2.86000000000000014E+001
 -1.24999999999999982E+001
 -2.74000000000000021E+001
 -2.86000000000000014E+001
  2.33999999999999986E+001
  0.00000000000000000E+000
  0.00000000000000000E+000
 -2.33999999999999986E+001
  0.00000000000000000E+000
  0.00000000000000000E+000
  2.26999999999999993E+001
  8.00000000000000044E-001
  1.43000000000000007E+001
  2.40999999999999979E+001
 -8.00000000000000044E-001
 -1.43000000000000007E+001
 -2.40999999999999979E+001
  8.00000000000000044E-001
  1.43000000000000007E+001
 -2.26999999999999993E+001
 -8.00000000000000044E-001
 -1.43000000000000007E+001
  2.20000000000000000E+001
  1.60000000000000009E+000
  2.86000000000000014E+001
  2.47999999999999972E+001
 -1.60000000000000009E+000
 -2.86000000000000014E+001
 -2.47999999999999972E+001
  1.60000000000000009E+000
  2.86000000000000014E+001
 -2.20000000000000000E+001
 -1.60000000000000009E+000
 -2.86000000000000014E+001
  2.45000000000000000E+001
  1.29000000000000004E+001
  0.00000000000000000E+000
  2.22999999999999972E+001
 -1.29000000000000004E+001
  0.00000000000000000E+000
 -2.22999999999999972E+001
  1.29000000000000004E+001
  0.00000000000000000E+000
 -2.45000000000000000E+001
 -1.29000000000000004E+001
  0.00000000000000000E+000
  2.38000000000000007E+001
  1.37000000000000011E+001
  1.43000000000000007E+001
  2.51999999999999993E+001
  1.20999999999999996E+001
 -1.43000000000000007E+001
  2.15999999999999979E+001
 -1.20999999999999996E+001
  1.43000000000000007E+001
  2.29999999999999964E+001
 -1.37000000000000011E+001
 -1.43000000000000007E+001
 -2.29999999999999964E+001
  1.37000000000000011E+001
  1.43000000000000007E+001
 -2.15999999999999979E+001
  1.20999999999999996E+001
 -1.43000000000000007E+001
 -2.51999999999999993E+001
 -1.20999999999999996E+001
  1.43000000000000007E+001
 -2.38000000000000007E+001
 -1.37000000000000011E+001
 -1.43000000000000007E+001
  2.31000000000000014E+001
  1.45000000000000000E+001
  2.86000000000000014E+001
  2.58999999999999986E+001
  1.13000000000000007E+001
 -2.86000000000000014E+001
  2.08999999999999986E+001
 -1.13000000000000007E+001
  2.86000000000000014E+001
  2.36999999999999957E+001
 -1.45000000000000000E+001
 -2.86000000000000014E+001
 -2.36999999999999957E+001
  1.45000000000000000E+001
  2.86000000000000014E+001
 -2.08999999999999986E+001
  1.13000000000000007E+001
 -2.86000000000000014E+001
 -2.58999999999999986E+001
 -1.13000000000000007E+001
  2.86000000000000014E+001
 -2.31000000000000014E+001
 -1.45000000000000000E+001
 -2.86000000000000014E+001
  2.55999999999999979E+001
  2.58000000000000007E+001
  0.00000000000000000E+000
  2.11999999999999993E+001
 -2.58000000000000007E+001
  0.00000000000000000E+000
 -2.11999999999999993E+001
  2.58000000000000007E+001
  0.00000000000000000E+000
 -2.55999999999999979E+001
 -2.58000000000000007E+001
  0.00000000000000000E+000
  2.48999999999999986E+001
  2.66000000000000014E+001
  1.43000000000000007E+001
  2.62999999999999972E+001
  2.50000000000000000E+001
 -1.43000000000000007E+001
  2.05000000000000000E+001
 -2.50000000000000000E+001
  1.43000000000000007E+001
  2.18999999999999986E+001
 -2.66000000000000014E+001
 -1.43000000000000007E+001
 -2.18999999999999986E+001
  2.66000000000000014E+001
  1.43000000000000007E+001
 -2.05000000000000000E+001
  2.50000000000000000E+001
 -1.43000000000000007E+001
 -2.62999999999999972E+001
 -2.50000000000000000E+001
  1.43000000000000007E+001
 -2.48999999999999986E+001
 -2.66000000000000014E+001
 -1.43000000000000007E+001
  2.41999999999999993E+001
  2.74000000000000021E+001
  2.86000000000000014E+001
  2.69999999999999964E+001
  2.41999999999999993E+001
 -2.86000000000000014E+001
  1.98000000000000007E+001
 -2.41999999999999993E+001
  2.86000000000000014E+001
  2.25999999999999979E+001
 -2.74000000000000021E+001
 -2.86000000000000014E+001
 -2.25999999999999979E+001
  2.74000000000000021E+001
  2.86000000000000014E+001
 -1.98000000000000007E+001
  2.41999999999999993E+001
 -2.86000000000000014E+001
 -2.69999999999999964E+001
 -2.41999999999999993E+001
  2.86000000000000014E+001
 -2.41999999999999993E+001
 -2.74000000000000021E+001
 -2.86000000000000014E+001
REAL gfn2_dexp_cn 1 3
  1.95842190218533330E+000
  9.84058979151231639E-001
  1.00684929409046386E+000
REAL shell_self_energies_hartree 1 4
 -7.44286270790346594E-001
 -5.68684757430783949E-001
 -3.91674588833266224E-001
 -3.91632712400116378E-001
REAL overlap_matrix 2 6 6
  9.99999999961466268E-001
  0.00000000000000000E+000
  0.00000000000000000E+000
  0.00000000000000000E+000
  4.52974668988886664E-001
  5.07666529036507552E-001
  0.00000000000000000E+000
  1.00000000008235901E+000
  0.00000000000000000E+000
  0.00000000000000000E+000
  1.88076066308274122E-002
  4.62309542425027656E-002
  0.00000000000000000E+000
  0.00000000000000000E+000
  1.00000000008235901E+000
  0.00000000000000000E+000
  2.53902794368923435E-001
  2.61068928819059298E-001
  0.00000000000000000E+000
  0.00000000000000000E+000
  0.00000000000000000E+000
  9.99999992668244131E-001
  3.33829291971372732E-001
 -3.56245618122278340E-001
  4.52974668988886664E-001
  1.88076066308274122E-002
  2.53902794368923435E-001
  3.33829291971372732E-001
  1.00000493589215500E+000
  2.81775402412893117E-001
  5.07666529036507552E-001
  4.62309542425027656E-002
  2.61068928819059298E-001
 -3.56245618122278340E-001
  2.81775402412893117E-001
  1.00000493589215500E+000
REAL dipole_matrices_bohr 3 3 6 6
  0.00000000000000000E+000
  0.00000000000000000E+000
  0.00000000000000000E+000
  0.00000000000000000E+000
  6.23793986443307524E-001
  0.00000000000000000E+000
  0.00000000000000000E+000
  0.00000000000000000E+000
  6.23793986443307524E-001
  6.23793984853536876E-001
  0.00000000000000000E+000
  0.00000000000000000E+000
  2.55873113226881610E-001
  1.44155847802021862E-002
  1.94610438708766459E-001
 -2.68736899125513462E-001
  3.48746196757642873E-002
  1.96939033379190914E-001
  0.00000000000000000E+000
  6.23793986443307524E-001
  0.00000000000000000E+000
  0.00000000000000000E+000
  0.00000000000000000E+000
  0.00000000000000000E+000
  0.00000000000000000E+000
  0.00000000000000000E+000
  0.00000000000000000E+000
  0.00000000000000000E+000
  0.00000000000000000E+000
  0.00000000000000000E+000
  1.20567626609737934E-002
  3.34176563499029577E-001
  9.17005255100656128E-003
 -2.76227585935617005E-002
  3.73179415408537107E-001
  2.02428409192525680E-002
  0.00000000000000000E+000
  0.00000000000000000E+000
  6.23793986443307524E-001
  0.00000000000000000E+000
  0.00000000000000000E+000
  0.00000000000000000E+000
  0.00000000000000000E+000
  0.00000000000000000E+000
  0.00000000000000000E+000
  0.00000000000000000E+000
  0.00000000000000000E+000
  0.00000000000000000E+000
  1.62766266786548042E-001
  9.17005255100655781E-003
  4.57292982680400695E-001
 -1.55987379876096816E-001
  2.02428409192525714E-002
  4.83907208253064380E-001
  6.23793988382961739E-001
  0.00000000000000000E+000
  0.00000000000000000E+000
  0.00000000000000000E+000
  0.00000000000000000E+000
  0.00000000000000000E+000
  0.00000000000000000E+000
  0.00000000000000000E+000
  0.00000000000000000E+000
  0.00000000000000000E+000
  0.00000000000000000E+000
  0.00000000000000000E+000
  5.47525759193743577E-001
  1.20567626609737900E-002
  1.62766266786548097E-001
  5.82469517515700974E-001
 -2.76227585935617075E-002
 -1.55987379876096816E-001
 -3.87339236264714171E-001
 -2.18223779858861301E-002
 -2.94602200478228382E-001
 -1.46495863075341414E-002
  3.32671755532735147E-001
 -1.11421646552760673E-002
 -1.97769362521177799E-001
 -1.11421646552760673E-002
  1.83077927213692648E-001
  7.34277444477690194E-002
 -1.46495863075341414E-002
 -1.97769362521177799E-001
  0.00000000000000000E+000
  0.00000000000000000E+000
  0.00000000000000000E+000
 -3.83123420619197130E-001
  1.26802666021452216E-002
 -1.69065264670808339E-002
  3.96297037060715895E-001
 -5.14286869669447130E-002
 -2.90420830749202330E-001
  3.29389776123641398E-002
  3.65319968532670347E-001
 -2.41388771570221691E-002
  1.86008411581420618E-001
 -2.41388771570221657E-002
  2.33280994164041244E-001
  1.15738819929317310E-001
  3.29389776123641398E-002
  1.86008411581420618E-001
  3.83123420619197130E-001
 -1.26802666021452216E-002
  1.69065264670808339E-002
  0.00000000000000000E+000
  0.00000000000000000E+000
  0.00000000000000000E+000
REAL quadrupole_matrices_bohr2 3 6 6 6
  2.25841950800456727E-010
  0.00000000000000000E+000
 -1.12920975400228376E-010
  0.00000000000000000E+000
  0.00000000000000000E+000
 -1.12920975400228376E-010
  0.00000000000000000E+000
  0.00000000000000000E+000
  0.00000000000000000E+000
  0.00000000000000000E+000
  0.00000000000000000E+000
  0.00000000000000000E+000
  0.00000000000000000E+000
  0.00000000000000000E+000
  0.00000000000000000E+000
  0.00000000000000000E+000
  0.00000000000000000E+000
  0.00000000000000000E+000
  0.00000000000000000E+000
  0.00000000000000000E+000
  0.00000000000000000E+000
  0.00000000000000000E+000
  0.00000000000000000E+000
  0.00000000000000000E+000
  1.26470727719373510E-001
  1.50690570531720018E-002
 -1.40173109027766168E-001
  2.03432256453368987E-001
  1.14610719892551793E-002
  1.37023813083927172E-002
  1.26399402672383532E-001
 -3.40256936766507243E-002
 -1.31396677349737756E-001
 -1.92145113236924348E-001
  2.49350255442205085E-002
  4.99727467735436998E-003
  0.00000000000000000E+000
  0.00000000000000000E+000
  0.00000000000000000E+000
  0.00000000000000000E+000
  0.00000000000000000E+000
  0.00000000000000000E+000
 -3.28423623647460028E-001
  0.00000000000000000E+000
  6.56847256598149576E-001
  0.00000000000000000E+000
  0.00000000000000000E+000
 -3.28423632950689381E-001
  0.00000000000000000E+000
  0.00000000000000000E+000
  0.00000000000000000E+000
  0.00000000000000000E+000
  4.92635444774419340E-001
  0.00000000000000000E+000
  0.00000000000000000E+000
  4.92635435471189986E-001
  0.00000000000000000E+000
  0.00000000000000000E+000
  0.00000000000000000E+000
  0.00000000000000000E+000
 -2.46243997477023054E-003
  2.43187943891921859E-001
  1.08471828235711231E-002
  1.06837329687243521E-002
  1.84966870388390214E-001
 -8.38474284880089300E-003
 -7.22027875451066066E-003
 -2.54073562768285799E-001
  2.82955408087346705E-002
 -2.19285453626262665E-002
  1.86196735531743512E-001
 -2.10752620542239699E-002
  0.00000000000000000E+000
  0.00000000000000000E+000
  0.00000000000000000E+000
  0.00000000000000000E+000
  0.00000000000000000E+000
  0.00000000000000000E+000
  0.00000000000000000E+000
  0.00000000000000000E+000
  0.00000000000000000E+000
  0.00000000000000000E+000
  4.92635444774419340E-001
  0.00000000000000000E+000
 -3.28423623647460028E-001
  0.00000000000000000E+000
 -3.28423632950689381E-001
  0.00000000000000000E+000
  0.00000000000000000E+000
  6.56847256598149576E-001
  0.00000000000000000E+000
  0.00000000000000000E+000
  0.00000000000000000E+000
  4.92635435471189986E-001
  0.00000000000000000E+000
  0.00000000000000000E+000
 -3.32441769603497791E-002
  1.06837329687243278E-002
 -2.22290466226661459E-001
  3.86626905505557283E-001
  2.17823676209913629E-002
  2.55534643187011246E-001
 -4.07734058132159308E-002
 -2.19285453626262734E-002
 -2.06915148248033365E-001
 -3.74022139530026887E-001
  4.85382766813583708E-002
  2.47688554061249400E-001
  0.00000000000000000E+000
  0.00000000000000000E+000
  0.00000000000000000E+000
  0.00000000000000000E+000
  0.00000000000000000E+000
  0.00000000000000000E+000
  0.00000000000000000E+000
  4.92635454077648693E-001
  0.00000000000000000E+000
  0.00000000000000000E+000
  0.00000000000000000E+000
  0.00000000000000000E+000
  0.00000000000000000E+000
  0.00000000000000000E+000
  0.00000000000000000E+000
  4.92635454077648693E-001
  0.00000000000000000E+000
  0.00000000000000000E+000
  6.56847012171837163E-001
  0.00000000000000000E+000
 -3.28423506085918526E-001
  0.00000000000000000E+000
  0.00000000000000000E+000
 -3.28423506085918526E-001
  4.41013591292278406E-001
  2.77046704950220241E-002
 -2.92226276452956790E-001
  3.74013159654702054E-001
  1.06837329687243417E-002
 -1.48787314839321477E-001
 -4.44684805050652221E-001
  6.23932599810716748E-002
  2.82316690906196543E-001
  3.52338477966560981E-001
 -2.19285453626262769E-002
  1.62368114144455483E-001
  2.58907342180775768E-001
  3.08449954481326109E-002
 -2.86940275861348681E-001
  4.16407371825419592E-001
  2.34600783237138219E-002
  2.80329336805730280E-002
  2.68299985315425746E-002
 -4.66823456464419528E-001
 -4.54075797966398340E-002
  1.48841091464909907E-002
 -3.55061882542575591E-001
  1.85775812650972663E-002
  3.62201489911751107E-001
  1.48841091464909821E-002
  9.88056045851301995E-002
 -2.66990659322359103E-001
 -1.50424539567931195E-002
 -4.61007094496881376E-001
 -4.59898861904911971E-001
 -6.79003669034780252E-003
  1.30033032381425856E-001
 -9.16659972159547115E-002
  1.48841091464909907E-002
  3.29865829523486143E-001
  1.48731613838859228E-004
  1.88344351840890975E-006
 -6.38687903711863242E-005
 -5.66567114531705805E-008
  6.47505273750521071E-008
 -8.48628234676728632E-005
  6.29845385426372695E-001
 -3.08560565695933271E-002
 -3.15313612630830964E-001
  4.11416881928174730E-002
 -1.36082535220787091E-003
 -3.14531772795541675E-001
  2.47261901985705690E-001
 -6.65535152445450306E-002
 -2.57024125702515649E-001
 -3.75831710581634615E-001
  4.87728837675336299E-002
  9.76222371681018282E-003
  6.06488738936699426E-002
  4.70803035754330523E-001
 -1.02602905144327752E-001
 -2.95839012770659458E-002
 -3.45026024214095672E-001
  4.19540312506578375E-002
  3.42487596242460446E-001
 -2.95839012770659424E-002
  1.18326746819098369E-001
  3.08979915524895954E-001
 -4.00980749595343869E-002
 -4.60814343061558773E-001
  4.84955306020175836E-001
 -2.14032323165222818E-002
 -1.61566092895370716E-001
 -1.20865174790733623E-001
 -2.95839012770659458E-002
 -3.23389213124805119E-001
  6.29845385426372695E-001
 -3.08560565695933271E-002
 -3.15313612630830964E-001
  4.11416881928174938E-002
 -1.36082535220787091E-003
 -3.14531772795541675E-001
  1.48731613838859228E-004
  1.88344351840890975E-006
 -6.38687903711863242E-005
 -5.66567114531705805E-008
  6.47505273750521071E-008
 -8.48628234676728632E-005
REAL h0_matrix_hartree 2 6 6
 -7.44286270760846969E-001
  0.00000000000000000E+000
  0.00000000000000000E+000
  0.00000000000000000E+000
 -4.02122899210990481E-001
 -4.54283879846939853E-001
  0.00000000000000000E+000
 -5.68684757571761068E-001
  0.00000000000000000E+000
  0.00000000000000000E+000
 -1.78455357946372614E-002
 -4.39485398205446270E-002
  0.00000000000000000E+000
  0.00000000000000000E+000
 -5.68684757571761068E-001
  0.00000000000000000E+000
 -2.40914825533759536E-001
 -2.48179999037939275E-001
  0.00000000000000000E+000
  0.00000000000000000E+000
  0.00000000000000000E+000
 -5.68684749504176246E-001
 -3.16753158056049811E-001
  3.38658113639981828E-001
 -4.02122899210990481E-001
 -1.78455357946372614E-002
 -2.40914825533759536E-001
 -3.16753158056049811E-001
 -3.91677955499069697E-001
 -1.98346061079904906E-001
 -4.54283879846939853E-001
 -4.39485398205446270E-002
 -2.48179999037939275E-001
  3.38658113639981828E-001
 -1.98346061079904906E-001
 -3.91636078705968060E-001
