SCHEMA xtbloom-tblite-periodic-gfn2-term-probe-v1
MODE multipoles
INTEGER atomic_numbers 1 3
8
1
1
REAL positions_bohr 2 3 3
  0.00000000000000000E+000
  0.00000000000000000E+000
  0.00000000000000000E+000
  1.41999999999999993E+000
  8.00000000000000017E-002
  1.08000000000000007E+000
 -1.31000000000000005E+000
  1.70000000000000012E-001
  9.59999999999999964E-001
REAL lattice_vectors_bohr_columns 2 3 3
  1.16999999999999993E+001
  0.00000000000000000E+000
  0.00000000000000000E+000
  1.10000000000000009E+000
  1.29000000000000004E+001
  0.00000000000000000E+000
 -6.99999999999999956E-001
  8.00000000000000044E-001
  1.43000000000000007E+001
REAL ewald_alpha_multipole_bohr_inverse 0
  1.87500000000000000E-001
REAL multipole_cn 1 3
  1.95842190218533330E+000
  9.84058979151231639E-001
  1.00684929409046386E+000
REAL multipole_damping_radii_bohr 1 3
  1.82214582671250636E+000
  1.42758392934322065E+000
  1.43019461315623464E+000
REAL damping_radius_cn_derivative_bohr 1 3
 -8.79702597990497798E-002
 -1.09490302752869417E-001
 -1.19765436331989480E-001
REAL charge_dipole_matrix 3 3 3 3
  4.52633231189016744E-021
  4.90683539366456017E-021
 -1.65436122510605535E-024
 -4.12112674373922988E-002
 -2.31050715407846337E-003
 -3.33503045797935577E-002
  3.97674706770455577E-002
 -5.38000661686542647E-003
 -3.08808593913496333E-002
  4.12112674373922988E-002
  2.31050715407846337E-003
  3.33503045797935577E-002
 -1.28907826660263833E-020
  1.36153928826228355E-021
  7.61419753855061975E-022
  6.34034966401563205E-002
 -2.35523961632172095E-003
  3.13126177029234053E-003
 -3.97674706770455577E-002
  5.38000661686542647E-003
  3.08808593913496333E-002
 -6.34034966401563205E-002
  2.35523961632172095E-003
 -3.13126177029234053E-003
  1.07334956284880871E-020
 -1.06044554529298148E-021
  2.52951831318715863E-021
REAL dipole_dipole_matrix 4 3 3 3 3
 -2.88022269506277902E-003
 -5.51847871181516687E-005
  1.74808854152216219E-005
 -3.38721157478312565E-002
 -3.69225867225406136E-003
 -4.93392880407281798E-002
 -3.40104515490082804E-002
  8.26484855497587774E-003
  4.69412940754983660E-002
 -5.51847871181516687E-005
 -1.89191276906131500E-003
 -3.17335307096883971E-005
 -3.69225867225406136E-003
  3.24252708107106227E-002
 -2.81783636447606890E-003
  8.26484855497587774E-003
  3.04586712682925649E-002
 -6.13676622715080000E-003
  1.74808854152216219E-005
 -3.17335307096883971E-005
 -1.05021404737302634E-003
 -4.93392880407281798E-002
 -2.81783636447606890E-003
 -4.37550418862175591E-003
  4.69412940754983660E-002
 -6.13676622715080000E-003
 -2.27056887633574544E-003
 -3.38721157478312565E-002
 -3.69225867225406136E-003
 -4.93392880407281798E-002
 -2.88372753099655054E-003
 -5.53750157223445257E-005
  1.75257829740904422E-005
 -7.12443721071772812E-002
  3.28698104068508726E-003
 -4.39136582742159602E-003
 -3.69225867225406136E-003
  3.24252708107106227E-002
 -2.81783636447606890E-003
 -5.53750157223445257E-005
 -1.89125740779164542E-003
 -3.18020987106173216E-005
  3.28698104068508726E-003
  3.23559898428920009E-002
  1.17221432937283769E-004
 -4.93392880407281798E-002
 -2.81783636447606890E-003
 -4.37550418862175505E-003
  1.75257829740904422E-005
 -3.18020987106173216E-005
 -1.04736457270892570E-003
 -4.39136582742159602E-003
  1.17221432937283769E-004
  3.30660330571258057E-002
 -3.40104515490082804E-002
  8.26484855497587774E-003
  4.69412940754983660E-002
 -7.12443721071772812E-002
  3.28698104068508726E-003
 -4.39136582742159602E-003
 -2.88371194765132217E-003
 -5.53741704500809587E-005
  1.75255835901620852E-005
  8.26484855497587774E-003
  3.04586712682925649E-002
 -6.13676622715080000E-003
  3.28698104068508726E-003
  3.23559898428919940E-002
  1.17221432937283769E-004
 -5.53741704500809587E-005
 -1.89126032571646646E-003
 -3.18017942606159591E-005
  4.69412940754983660E-002
 -6.13676622715080000E-003
 -2.27056887633574371E-003
 -4.39136582742159602E-003
  1.17221432937283769E-004
  3.30660330571258057E-002
  1.75255835901620852E-005
 -3.18017942606159591E-005
 -1.04737723812933000E-003
REAL charge_quadrupole_matrix 3 6 3 3
  9.60074231687595646E-004
  3.67898580787676978E-005
  6.30637589687105433E-004
 -1.16539236101477440E-005
  2.11556871397923178E-005
  3.50071349124345295E-004
  1.12907052492770589E-002
  2.46150578150270034E-003
 -1.08084236035702191E-002
  3.28928586938184511E-002
  1.87855757631738476E-003
  1.45850139620723809E-003
  1.13368171830028185E-002
 -5.50989903665063518E-003
 -1.01528904227641218E-002
 -3.12941960503321306E-002
  4.09117748476717311E-003
  7.56856292111906474E-004
  1.12907052492770589E-002
  2.46150578150270034E-003
 -1.08084236035702191E-002
  3.28928586938184511E-002
  1.87855757631738476E-003
  1.45850139620723853E-003
  9.61242510332186405E-004
  3.69166771482296974E-005
  6.30419135930549053E-004
 -1.16838553160602835E-005
  2.12013991404116053E-005
  3.49121524236311676E-004
  2.37481240357259038E-002
 -2.19132069379005152E-003
 -1.07853299476305640E-002
  2.92757721828105577E-003
 -7.81476219581880995E-005
 -1.10220110190418635E-002
  1.13368171830028185E-002
 -5.50989903665063518E-003
 -1.01528904227641218E-002
 -3.12941960503321306E-002
  4.09117748476717311E-003
  7.56856292111906257E-004
  2.37481240357259003E-002
 -2.19132069379005152E-003
 -1.07853299476305640E-002
  2.92757721828105577E-003
 -7.81476219581881131E-005
 -1.10220110190418618E-002
  9.61237315883776478E-004
  3.69161136333873036E-005
  6.30420108572156282E-004
 -1.16837223934413794E-005
  2.12011961737440337E-005
  3.49125746043112964E-004
REAL dipole_only_fixed_atomic_charges_e 1 3
  0.00000000000000000E+000
  0.00000000000000000E+000
  0.00000000000000000E+000
REAL dipole_only_fixed_atomic_dipoles_e_bohr 2 3 3
  1.20000000000000002E-002
 -4.00000000000000008E-003
  3.00000000000000006E-003
 -5.00000000000000010E-003
  2.00000000000000004E-003
 -1.00000000000000002E-003
 -7.00000000000000015E-003
  2.00000000000000004E-003
 -2.00000000000000004E-003
REAL dipole_only_fixed_atomic_quadrupoles_e_bohr2 2 6 3
  0.00000000000000000E+000
  0.00000000000000000E+000
  0.00000000000000000E+000
  0.00000000000000000E+000
  0.00000000000000000E+000
  0.00000000000000000E+000
  0.00000000000000000E+000
  0.00000000000000000E+000
  0.00000000000000000E+000
  0.00000000000000000E+000
  0.00000000000000000E+000
  0.00000000000000000E+000
  0.00000000000000000E+000
  0.00000000000000000E+000
  0.00000000000000000E+000
  0.00000000000000000E+000
  0.00000000000000000E+000
  0.00000000000000000E+000
REAL dipole_only_per_atom_total_energy_hartree 1 3
 -6.67190788521737844E-006
  1.86718550799020030E-006
  2.29908133919043662E-006
REAL dipole_only_per_atom_aes_energy_hartree 1 3
  1.66937441478262329E-006
  1.98018807990200371E-007
 -8.72335390809563645E-007
REAL dipole_only_per_atom_axc_energy_hartree 1 3
 -8.34128230000000152E-006
  1.66916669999999995E-006
  3.17141673000000016E-006
REAL dipole_only_total_energy_hartree 0
 -2.50564103803674195E-006
REAL dipole_only_charge_potential_hartree_per_e 2 3 1
  7.41503826824760261E-006
  1.30546615117452003E-004
 -8.12278722142421563E-005
REAL dipole_only_dipole_potential_hartree_per_e_bohr 3 3 3 1
 -8.46814671298645890E-004
  5.03130439491921658E-004
 -3.89839318961105906E-004
 -5.67745458080125189E-004
  7.80886954935334262E-005
 -7.39466334592707962E-004
 -6.92078018011350708E-004
  2.26317314084748032E-004
  3.49509037934039499E-004
REAL dipole_only_quadrupole_potential_hartree_per_e_bohr2 3 6 3 1
  0.00000000000000000E+000
  0.00000000000000000E+000
  0.00000000000000000E+000
  0.00000000000000000E+000
  0.00000000000000000E+000
  0.00000000000000000E+000
  0.00000000000000000E+000
  0.00000000000000000E+000
  0.00000000000000000E+000
  0.00000000000000000E+000
  0.00000000000000000E+000
  0.00000000000000000E+000
  0.00000000000000000E+000
  0.00000000000000000E+000
  0.00000000000000000E+000
  0.00000000000000000E+000
  0.00000000000000000E+000
  0.00000000000000000E+000
REAL dipole_only_gradient_hartree_per_bohr 2 3 3
  1.24716823085977407E-006
  8.90607678038047555E-007
  6.36018053742702035E-006
  3.61415087043875325E-006
 -1.79866850814212147E-006
 -2.27632113105641771E-006
 -4.86131910129852754E-006
  9.08060830104073813E-007
 -4.08385940637060265E-006
REAL dipole_only_strain_derivatives_hartree 2 3 3
  1.15548540310165094E-005
 -2.13362020253496230E-006
  6.58635139954118263E-007
 -2.13362020253496230E-006
  5.19680806217996420E-009
 -9.72747907124259366E-007
  6.58635139954118263E-007
 -9.72747907124259366E-007
 -6.37460492418085805E-006
REAL charge_quadrupole_fixed_atomic_charges_e 1 3
 -2.00000000000000011E-001
  1.00000000000000006E-001
  1.00000000000000006E-001
REAL charge_quadrupole_fixed_atomic_dipoles_e_bohr 2 3 3
  0.00000000000000000E+000
  0.00000000000000000E+000
  0.00000000000000000E+000
  0.00000000000000000E+000
  0.00000000000000000E+000
  0.00000000000000000E+000
  0.00000000000000000E+000
  0.00000000000000000E+000
  0.00000000000000000E+000
REAL charge_quadrupole_fixed_atomic_quadrupoles_e_bohr2 2 6 3
  1.00000000000000002E-002
  2.00000000000000004E-003
 -4.00000000000000008E-003
 -1.00000000000000002E-003
  3.00000000000000006E-003
 -6.00000000000000012E-003
  4.00000000000000008E-003
  1.00000000000000002E-003
 -1.50000000000000003E-003
  0.00000000000000000E+000
 -5.00000000000000010E-004
 -2.50000000000000005E-003
 -3.00000000000000006E-003
 -6.99999999999999993E-004
  1.00000000000000002E-003
  4.00000000000000019E-004
  2.00000000000000010E-004
  2.00000000000000004E-003
REAL charge_quadrupole_per_atom_total_energy_hartree 1 3
  2.91194257198555745E-005
  2.01973291229843583E-006
 -1.93923827243165971E-007
REAL charge_quadrupole_per_atom_aes_energy_hartree 1 3
  1.34508829114492601E-005
  2.29236424055167398E-006
  1.57498527951099073E-005
REAL charge_quadrupole_per_atom_axc_energy_hartree 1 3
 -5.59490400000000011E-007
  7.40636999999999993E-009
  4.21888779999999940E-009
REAL charge_quadrupole_total_energy_hartree 0
  3.09452348049108419E-005
REAL charge_quadrupole_charge_potential_hartree_per_e 2 3 1
  1.38857514847852460E-005
  2.57240193880491086E-005
  3.16978483052629783E-004
REAL charge_quadrupole_dipole_potential_hartree_per_e_bohr 3 3 3 1
  1.44379676034674456E-004
  7.69051377094389006E-004
  6.42311639711431927E-003
  1.90190382346282737E-003
  6.97625392447864790E-004
  6.35693473892947822E-003
 -1.61314447139347845E-003
  8.40477361740913221E-004
  6.48929805529916033E-003
REAL charge_quadrupole_quadrupole_potential_hartree_per_e_bohr2 3 6 3 1
  2.00857179689046877E-003
 -3.37063537130546985E-004
 -2.19739268057085515E-003
  1.74630169070661795E-004
  5.55443008680497267E-004
  1.88820859007045425E-004
  2.14990084750396886E-004
 -7.06644317964722239E-004
  1.14537070954404238E-003
 -6.28698240246719151E-003
 -3.81954757545254658E-004
 -1.36036077872200259E-003
  2.01926838560404414E-004
  8.85771281314460699E-004
  1.01563572064698347E-003
  6.55086745565518734E-003
 -8.23710691531879028E-004
 -1.21756254572225639E-003
REAL charge_quadrupole_gradient_hartree_per_bohr 2 3 3
  3.06732095566871911E-005
  9.93715733418540274E-007
  3.69999826585117538E-005
  1.90704169538500005E-006
  1.00061154174903611E-005
 -3.87283174586350336E-006
 -3.25802512520721903E-005
 -1.09998311509089018E-005
 -3.31271509126482530E-005
REAL charge_quadrupole_strain_derivatives_hartree 2 3 3
  4.45685459322793274E-005
  1.15538563851870394E-005
  4.15794912916047066E-006
  1.15538563851870394E-005
 -1.16541783623912545E-006
 -2.85882586945191260E-006
  4.15794912916047066E-006
 -2.85882586945191260E-006
 -3.59896209595749961E-005
REAL full_fixed_atomic_charges_e 1 3
 -2.00000000000000011E-001
  1.00000000000000006E-001
  1.00000000000000006E-001
REAL full_fixed_atomic_dipoles_e_bohr 2 3 3
  1.20000000000000002E-002
 -4.00000000000000008E-003
  3.00000000000000006E-003
 -5.00000000000000010E-003
  2.00000000000000004E-003
 -1.00000000000000002E-003
 -7.00000000000000015E-003
  2.00000000000000004E-003
 -2.00000000000000004E-003
REAL full_fixed_atomic_quadrupoles_e_bohr2 2 6 3
  1.00000000000000002E-002
  2.00000000000000004E-003
 -4.00000000000000008E-003
 -1.00000000000000002E-003
  3.00000000000000006E-003
 -6.00000000000000012E-003
  4.00000000000000008E-003
  1.00000000000000002E-003
 -1.50000000000000003E-003
  0.00000000000000000E+000
 -5.00000000000000010E-004
 -2.50000000000000005E-003
 -3.00000000000000006E-003
 -6.99999999999999993E-004
  1.00000000000000002E-003
  4.00000000000000019E-004
  2.00000000000000010E-004
  2.00000000000000004E-003
REAL full_per_atom_total_energy_hartree 1 3
  4.03732176300196924E-005
 -1.05842846510592499E-005
  2.09952742458513113E-006
REAL full_per_atom_aes_energy_hartree 1 3
  2.33416033970978702E-005
  1.78211226874053325E-006
  1.08133087499071661E-005
REAL full_per_atom_axc_energy_hartree 1 3
 -8.90077270000000089E-006
  1.67657306999999990E-006
  3.17563561780000023E-006
REAL full_total_energy_hartree 0
  3.18884604035455732E-005
REAL full_charge_potential_hartree_per_e 2 3 1
  2.13007897530328503E-005
  1.56270634505501112E-004
  2.35750610838387641E-004
REAL full_dipole_potential_hartree_per_e_bohr 3 3 3 1
 -7.02434995263971542E-004
  1.27218181658631056E-003
  6.03327707815321315E-003
  1.33415836538270239E-003
  7.75714087941398026E-004
  5.61746840433677026E-003
 -2.30522248940482916E-003
  1.06679467582566131E-003
  6.83880709323320124E-003
REAL full_quadrupole_potential_hartree_per_e_bohr2 3 6 3 1
  2.00857179689046877E-003
 -3.37063537130546985E-004
 -2.19739268057085515E-003
  1.74630169070661795E-004
  5.55443008680497267E-004
  1.88820859007045425E-004
  2.14990084750396886E-004
 -7.06644317964722239E-004
  1.14537070954404238E-003
 -6.28698240246719151E-003
 -3.81954757545254658E-004
 -1.36036077872200259E-003
  2.01926838560404414E-004
  8.85771281314460699E-004
  1.01563572064698347E-003
  6.55086745565518734E-003
 -8.23710691531879028E-004
 -1.21756254572225639E-003
REAL full_gradient_hartree_per_bohr 2 3 3
  3.37958608075271036E-005
  2.17372607545796983E-006
  4.63312756411616704E-005
  1.27249069233362760E-005
  7.77151785040006065E-006
 -7.32853567328129067E-006
 -4.65207677308633881E-005
 -9.94524392585803344E-006
 -3.90027399678803764E-005
REAL full_strain_derivatives_hartree 2 3 3
  7.74995902242001463E-005
  8.48927859524705891E-006
  4.81542388565158414E-006
  8.48927859524705891E-006
 -1.23665922207719694E-006
 -4.19923059668666249E-006
  4.81542388565158329E-006
 -4.19923059668666249E-006
 -4.54371016980086693E-005
