SCHEMA xtbloom-tblite-periodic-gfn2-term-probe-v1
MODE repulsion
INTEGER atomic_numbers 1 3
8
1
1
REAL positions_bohr 2 3 3
  0.00000000000000000E+000
  0.00000000000000000E+000
  0.00000000000000000E+000
  1.41999999999999993E+000
  8.00000000000000017E-002
  1.08000000000000007E+000
 -1.31000000000000005E+000
  1.70000000000000012E-001
  9.59999999999999964E-001
REAL lattice_vectors_bohr_columns 2 3 3
  1.16999999999999993E+001
  0.00000000000000000E+000
  0.00000000000000000E+000
  1.10000000000000009E+000
  1.29000000000000004E+001
  0.00000000000000000E+000
 -6.99999999999999956E-001
  8.00000000000000044E-001
  1.43000000000000007E+001
REAL per_atom_energy_hartree 1 3
  2.99248514281824987E-002
  1.01532575615060766E-002
  2.08226301210137354E-002
REAL total_energy_hartree 0
  6.09007391107023108E-002
REAL gradient_hartree_per_bohr 2 3 3
 -8.08460240364975574E-002
  2.45937725259066410E-002
  1.72406541622965648E-001
 -7.84814508479449169E-002
 -4.17973892241842084E-003
 -5.77502420037832864E-002
  1.59327474884442488E-001
 -2.04140336034882193E-002
 -1.14656299619182361E-001
REAL strain_derivatives_hartree 2 3 3
 -3.20162661119620551E-001
  2.08071546623359790E-002
  6.81944089732905434E-002
  2.08071546623359825E-002
 -3.80476482944871715E-003
 -2.41115902955684400E-002
  6.81944089732905712E-002
 -2.41115902955684400E-002
 -1.72440308998641739E-001
